version https://git-lfs.github.com/spec/v1
oid sha256:7281501719141867e0c9ccbb61b6d0ac61f0ba3485069f73731b8885054c74f6
size 18223524
